{
 "cells": [
  {
   "cell_type": "code",
   "execution_count": 1,
   "id": "3303100b",
   "metadata": {},
   "outputs": [],
   "source": [
    "# Set project root\n",
    "import os\n",
    "import sys\n",
    "\n",
    "# Manually set the path to the project root\n",
    "project_root = os.path.abspath(os.path.join(os.getcwd(), '..'))\n",
    "if project_root not in sys.path:\n",
    "    sys.path.append(project_root)"
   ]
  },
  {
   "cell_type": "code",
   "execution_count": 2,
   "id": "021f7e3b",
   "metadata": {},
   "outputs": [],
   "source": [
    "import json\n",
    "\n",
    "import cv2\n",
    "import matplotlib.pyplot as plt\n",
    "import numpy as np\n",
    "\n",
    "from src.geometry import recover_pose_from_homography\n",
    "from src.measurement_data import load_measurements_from_yaml"
   ]
  },
  {
   "cell_type": "markdown",
   "id": "bcdbd300",
   "metadata": {},
   "source": [
    "## Function definition"
   ]
  },
  {
   "cell_type": "code",
   "execution_count": 3,
   "id": "a1b242a2",
   "metadata": {},
   "outputs": [],
   "source": [
    "def load_calibration_json(filename):\n",
    "    with open(filename) as f:\n",
    "        data = json.load(f)\n",
    "\n",
    "    camera_matrix = np.array(data['camera_matrix'])\n",
    "    dist_coeff = np.array(data['dist_coeff'])\n",
    "    image_size = tuple(data['image_size'])\n",
    "\n",
    "    return camera_matrix, dist_coeff, image_size"
   ]
  },
  {
   "cell_type": "code",
   "execution_count": 4,
   "id": "1f80cb6f",
   "metadata": {},
   "outputs": [],
   "source": [
    "def load_rgb(path):\n",
    "    \"\"\"\n",
    "    Load image from path and convert to RGB.\n",
    "    \"\"\"\n",
    "    bgr = cv2.imread(path, cv2.IMREAD_COLOR)\n",
    "    if bgr is None:\n",
    "        raise FileNotFoundError(f\"Image not found: {path}\")\n",
    "    rgb = cv2.cvtColor(bgr, cv2.COLOR_BGR2RGB)\n",
    "    return rgb\n",
    "\n",
    "def extract_features(image, method='SIFT'):\n",
    "    \"\"\"\n",
    "    Detect keypoints and compute descriptors.\n",
    "\n",
    "    Args:\n",
    "        image: RGB image as numpy array.\n",
    "        method: Feature detector ('SIFT', 'ORB', etc.).\n",
    "    Returns:\n",
    "        keypoints, descriptors\n",
    "    \"\"\"\n",
    "    gray = cv2.cvtColor(image, cv2.COLOR_RGB2GRAY)\n",
    "    if method == 'SIFT':\n",
    "        detector = cv2.SIFT_create()\n",
    "    elif method == 'ORB':\n",
    "        detector = cv2.ORB_create(nfeatures=2000)\n",
    "    else:\n",
    "        raise ValueError(f\"Unsupported method: {method}\")\n",
    "    keypoints, descriptors = detector.detectAndCompute(gray, None)\n",
    "    return keypoints, descriptors\n",
    "\n",
    "def match_descriptors(desc1, desc2, method='BF', cross_check=True):\n",
    "    \"\"\"\n",
    "    Match feature descriptors between two images.\n",
    "\n",
    "    Args:\n",
    "        desc1: Descriptors from image 1.\n",
    "        desc2: Descriptors from image 2.\n",
    "        method: 'BF' for BruteForce, 'FLANN' for FLANN matcher.\n",
    "        cross_check: (BF only) whether to use crossCheck.\n",
    "    Returns:\n",
    "        List of matches sorted by distance.\n",
    "    \"\"\"\n",
    "    if method == 'BF':\n",
    "        # Choose norm by descriptor type\n",
    "        norm = cv2.NORM_L2 if desc1.dtype == np.float32 else cv2.NORM_HAMMING\n",
    "        matcher = cv2.BFMatcher(norm, crossCheck=cross_check)\n",
    "        matches = matcher.match(desc1, desc2)\n",
    "    elif method == 'FLANN':\n",
    "        # FLANN parameters for SIFT\n",
    "        index_params = dict(algorithm=1, trees=5)\n",
    "        search_params = dict(checks=50)\n",
    "        matcher = cv2.FlannBasedMatcher(index_params, search_params)\n",
    "        raw_matches = matcher.knnMatch(desc1, desc2, k=2)\n",
    "        # Ratio test\n",
    "        matches = [m[0] for m in raw_matches if len(m) == 2 and m[0].distance < 0.75 * m[1].distance]\n",
    "    else:\n",
    "        raise ValueError(f\"Unsupported matcher: {method}\")\n",
    "    matches = sorted(matches, key=lambda x: x.distance)\n",
    "    return matches\n",
    "\n",
    "def compute_homography(kp1, kp2, matches, ransac_thresh=5.0):\n",
    "    \"\"\"\n",
    "    Compute homography using matched keypoints.\n",
    "\n",
    "    Args:\n",
    "        kp1, kp2: Keypoints from image1 and image2.\n",
    "        matches: List of cv2.DMatch objects.\n",
    "        ransac_thresh: RANSAC reprojection threshold.\n",
    "    Returns:\n",
    "        homography matrix H, mask of inliers\n",
    "    \"\"\"\n",
    "    if len(matches) < 4:\n",
    "        raise ValueError(\"Not enough matches to compute homography\")\n",
    "    pts1 = np.float32([kp1[m.queryIdx].pt for m in matches])\n",
    "    pts2 = np.float32([kp2[m.trainIdx].pt for m in matches])\n",
    "    H, mask = cv2.findHomography(pts1, pts2, cv2.RANSAC, ransac_thresh)\n",
    "    return H, mask"
   ]
  },
  {
   "cell_type": "code",
   "execution_count": 5,
   "id": "41bedbf5",
   "metadata": {},
   "outputs": [],
   "source": [
    "def template_match(template_path, scene_path, extract_method='SIFT', match_method='BF'):\n",
    "    tpl = load_rgb(template_path)\n",
    "    img = load_rgb(scene_path)\n",
    "    kp_t, desc_t = extract_features(tpl, method=extract_method)\n",
    "    kp_i, desc_i = extract_features(img, method=extract_method)\n",
    "    matches = match_descriptors(desc_t, desc_i, method=match_method)\n",
    "    H, mask = compute_homography(kp_t, kp_i, matches)\n",
    "    return H, mask, tpl.shape[:2]"
   ]
  },
  {
   "cell_type": "code",
   "execution_count": 6,
   "id": "73f538b5",
   "metadata": {},
   "outputs": [],
   "source": [
    "def compute_distance(R, t_unscaled, width, height, template_real_length, template_pixel_length):\n",
    "    \"\"\"\n",
    "    Compute the distances from the camera center to a 3x3 grid of real-world points on a planar template.\n",
    "\n",
    "    Parameters:\n",
    "        R (np.ndarray): 3x3 rotation matrix from template to camera\n",
    "        t_unscaled (np.ndarray): 3x1 translation vector (unscaled, from homography decomposition)\n",
    "        width (float): Template width in real-world units (e.g., mm)\n",
    "        height (float): Template height in real-world units (e.g., mm)\n",
    "\n",
    "    Returns:\n",
    "        float: distance from the camera to the template center.\n",
    "    \"\"\"\n",
    "    # Define two points in the template's local coordinate system (known real-world distance between them)\n",
    "    p_world1 = np.array([[0], [0], [0]])          # Top-left corner\n",
    "    p_world2 = np.array([[width], [0], [0]])      # Top-right corner\n",
    "\n",
    "    # Transform both into the camera coordinate system using unscaled t\n",
    "    p_cam1 = R @ p_world1 + t_unscaled\n",
    "    p_cam2 = R @ p_world2 + t_unscaled\n",
    "\n",
    "    # Compute the distance between the transformed points\n",
    "    cam_distance = np.linalg.norm(p_cam2 - p_cam1)\n",
    "\n",
    "    # Compute scale factor to align camera space with real-world distance\n",
    "    real_distance = width\n",
    "    scale = real_distance / cam_distance\n",
    "\n",
    "    # Compute the scale factor based on the template's real-world length and pixel length\n",
    "    scale_factor = template_real_length / template_pixel_length\n",
    "\n",
    "    # Apply scale to the translation vector\n",
    "    t_scaled = t_unscaled * scale\n",
    "\n",
    "    # Template center\n",
    "    center_world = np.array([width / 2, height / 2, 0]).reshape(3, 1)\n",
    "    center_cam = R @ center_world + t_scaled\n",
    "    center_distance = np.linalg.norm(center_cam)\n",
    "\n",
    "    return center_distance * scale_factor"
   ]
  },
  {
   "cell_type": "markdown",
   "id": "4a923ee3",
   "metadata": {},
   "source": [
    "## Analysis"
   ]
  },
  {
   "cell_type": "code",
   "execution_count": 7,
   "id": "5947a296",
   "metadata": {},
   "outputs": [],
   "source": [
    "# Load measurement data\n",
    "data = load_measurements_from_yaml(\"../assets/measurements.yaml\")"
   ]
  },
  {
   "cell_type": "code",
   "execution_count": 8,
   "id": "2a9c8bfe",
   "metadata": {},
   "outputs": [],
   "source": [
    "# Load camera calibration\n",
    "K, dist_coeffs, image_size = load_calibration_json(\"../assets/camera_calibration.json\")"
   ]
  },
  {
   "cell_type": "code",
   "execution_count": 9,
   "id": "63b892cf",
   "metadata": {},
   "outputs": [],
   "source": [
    "scenes = data.get_all_scenes()"
   ]
  },
  {
   "cell_type": "code",
   "execution_count": 10,
   "id": "3e9bfe2e",
   "metadata": {},
   "outputs": [],
   "source": [
    "def analyze_scene(scene_id, scenes, K):\n",
    "    \"\"\"\n",
    "    This function analyzes a scene by executing the following steps:\n",
    "\n",
    "    1. Load the scene and the corresponding templates.\n",
    "    2. For each template, perform template matching against the scene image.\n",
    "    3. Compute the homography and recover the camera pose.\n",
    "    4. Compute the distance from the center of each template to the camera.\n",
    "    5. Return the results including the template ID, homography, camera pose, and distance.\n",
    "    \"\"\"\n",
    "    # Load scene and templates\n",
    "    scene = data.get_scene(scene_id)\n",
    "    templates = [data.get_template(t_id) for t_id in scenes[scene_id]]\n",
    "\n",
    "    # Iterate over templates\n",
    "    results = {}\n",
    "    for template in templates:\n",
    "        scene_path = os.path.join(project_root, scene.path)\n",
    "        template_path = os.path.join(project_root, template.path)\n",
    "\n",
    "        # Compute homography\n",
    "        H, mask, t_shape = template_match(template_path, scene_path, extract_method='SIFT', match_method='BF')\n",
    "\n",
    "        # Compute the condition number of the homography\n",
    "        cond_num = np.linalg.cond(H)\n",
    "\n",
    "        # Recover camera pose from homography\n",
    "        R, t = recover_pose_from_homography(H, K)\n",
    "\n",
    "        # Compute the distance from the camera to the template center\n",
    "        distance_pred = compute_distance(\n",
    "            R=R,\n",
    "            t_unscaled=t,\n",
    "            width=template.width,\n",
    "            height=template.height,\n",
    "            template_real_length=template.height,\n",
    "            template_pixel_length=t_shape[0]\n",
    "        )\n",
    "\n",
    "        # True distance and error\n",
    "        distance_true = scene.get_distance('Camera', template.id).distance\n",
    "        error = np.abs(distance_pred - distance_true)\n",
    "        error_percent = (error / distance_true) * 100\n",
    "\n",
    "        results[template.id] = {\n",
    "            'homography': H.tolist(),\n",
    "            'rotation': R.tolist(),\n",
    "            'translation': t.tolist(),\n",
    "            'distance_pred': distance_pred,\n",
    "            'distance_true': distance_true,\n",
    "            'error': error,\n",
    "            'error_percent': error_percent,\n",
    "            'condition_number': cond_num\n",
    "        }\n",
    "    return results"
   ]
  },
  {
   "cell_type": "code",
   "execution_count": 11,
   "id": "e4307ce9",
   "metadata": {},
   "outputs": [],
   "source": [
    "def analyze_scenes(scenes, K):\n",
    "    \"\"\"\n",
    "    Analyze all scenes and return results.\n",
    "    \"\"\"\n",
    "    all_results = {}\n",
    "    for scene_id in scenes:\n",
    "        print(f\"Analyzing scene {scene_id}...\")\n",
    "        results = analyze_scene(scene_id, scenes, K)\n",
    "        all_results[scene_id] = results\n",
    "    return all_results"
   ]
  },
  {
   "cell_type": "code",
   "execution_count": 12,
   "id": "3714840c",
   "metadata": {},
   "outputs": [
    {
     "name": "stdout",
     "output_type": "stream",
     "text": [
      "Analyzing scene S0...\n",
      "Analyzing scene S1...\n",
      "Analyzing scene S2...\n",
      "Analyzing scene S3...\n",
      "Analyzing scene S4...\n",
      "Analyzing scene S5...\n",
      "Analyzing scene S6...\n",
      "Analyzing scene S7...\n",
      "Analyzing scene S8...\n"
     ]
    }
   ],
   "source": [
    "results = analyze_scenes(scenes, K)"
   ]
  },
  {
   "cell_type": "code",
   "execution_count": 13,
   "id": "4c919337",
   "metadata": {},
   "outputs": [
    {
     "data": {
      "text/plain": [
       "{'S0': {'T1': {'homography': [[0.4034760726130916,\n",
       "     -0.010496649023974833,\n",
       "     404.4289962285276],\n",
       "    [0.012195058510937285, 0.37581261192826376, 489.3970964334181],\n",
       "    [2.1758948536551622e-05, -2.9522224189022333e-05, 1.0]],\n",
       "   'rotation': [[0.9987574508476127,\n",
       "     0.008513219601693727,\n",
       "     -0.049102744000645286],\n",
       "    [-0.005195267934406586, 0.9977187482336846, 0.06730756728704587],\n",
       "    [0.04956373238033327, -0.06696883241496616, 0.9965232621055601]],\n",
       "   'translation': [-205.0361034324121, -363.89087057581077, 2270.30165530807],\n",
       "   'distance_pred': np.float64(380.05312303196297),\n",
       "   'distance_true': 390.0,\n",
       "   'error': np.float64(9.946876968037031),\n",
       "   'error_percent': np.float64(2.5504812738556493),\n",
       "   'condition_number': np.float64(1024335.3041552143)}},\n",
       " 'S1': {'T0': {'homography': [[0.1731142449573992,\n",
       "     0.0036811935840644397,\n",
       "     386.6823260893823],\n",
       "    [-0.007340912157656944, 0.184200413397958, 620.4975077824822],\n",
       "    [-1.2387107859510847e-05, 8.920604982593296e-06, 0.9999999999999999]],\n",
       "   'rotation': [[0.9980860043260058,\n",
       "     -0.0018255645867232008,\n",
       "     0.061814199683312435],\n",
       "    [0.0045781773667420535, 0.9990025375849563, -0.044418129078305627],\n",
       "    [-0.06167145417895845, 0.04461610934133624, 0.9970988088081815]],\n",
       "   'translation': [-550.6858483403142, -69.9508793900745, 4999.499306520547],\n",
       "   'distance_pred': np.float64(483.6717843154306),\n",
       "   'distance_true': 490.0,\n",
       "   'error': np.float64(6.328215684569386),\n",
       "   'error_percent': np.float64(1.29147258868763),\n",
       "   'condition_number': np.float64(2991096.419631178)}},\n",
       " 'S2': {'T0': {'homography': [[0.3273087670565044,\n",
       "     0.2131538315963103,\n",
       "     272.4017169828078],\n",
       "    [-0.21507274950085623, 0.3415413717801826, 631.4597355535421],\n",
       "    [-1.1738170528099203e-05, 1.4069479210917323e-05, 0.9999999999999999]],\n",
       "   'rotation': [[0.8490986483145156, 0.5282033290707242, 0.005720890583302629],\n",
       "    [-0.5275572851989879, 0.8485087991060049, -0.04142618342496887],\n",
       "    [-0.026735673994417977, 0.032156818845922676, 0.9991251887215009]],\n",
       "   'translation': [-543.2320877603738, -4.017144938685266, 2283.613407897299],\n",
       "   'distance_pred': np.float64(226.37452403089165),\n",
       "   'distance_true': 225.0,\n",
       "   'error': np.float64(1.3745240308916493),\n",
       "   'error_percent': np.float64(0.6108995692851775),\n",
       "   'condition_number': np.float64(1203637.0468848494)}},\n",
       " 'S3': {'T1': {'homography': [[0.2522080965421846,\n",
       "     -0.26584677960731823,\n",
       "     800.8668003155174],\n",
       "    [0.16894142891843525, 0.16979251610256832, 359.8926860706572],\n",
       "    [-0.00010034255376828509, -0.00011178553192512629, 1.0]],\n",
       "   'rotation': [[0.772962623390196,\n",
       "     -0.6343263309555024,\n",
       "     -0.012605106039861147],\n",
       "    [0.5917489526561002, 0.7136293614942193, 0.3749217404256002],\n",
       "    [-0.22882735822482922, -0.2972595503425971, 0.926970765373948]],\n",
       "   'translation': [869.7634020980272, -751.4191747166469, 2465.3378926298174],\n",
       "   'distance_pred': np.float64(439.4901248454573),\n",
       "   'distance_true': 380.0,\n",
       "   'error': np.float64(59.490124845457274),\n",
       "   'error_percent': np.float64(15.655296011962442),\n",
       "   'condition_number': np.float64(1953941.4956431757)},\n",
       "  'T0': {'homography': [[0.28070310384182334,\n",
       "     0.18415173395845863,\n",
       "     103.32956835657119],\n",
       "    [-0.06759417112730498, 0.18014527995978463, 562.7129323653423],\n",
       "    [0.00014998922104361557, -3.496592458557672e-05, 1.0]],\n",
       "   'rotation': [[0.6837067670008272, 0.6818762869476758, -0.2599803570574659],\n",
       "    [-0.5688724217991857, 0.7211485874548442, 0.39538447431356255],\n",
       "    [0.4570877645196884, -0.12243138531574986, 0.8809547839793257]],\n",
       "   'translation': [-1310.9118512875168,\n",
       "    -240.99210370781884,\n",
       "    3071.0643072684784],\n",
       "   'distance_pred': np.float64(321.2664846358972),\n",
       "   'distance_true': 330.0,\n",
       "   'error': np.float64(8.7335153641028),\n",
       "   'error_percent': np.float64(2.646519807303879),\n",
       "   'condition_number': np.float64(1302079.046028771)}},\n",
       " 'S4': {'T1': {'homography': [[-0.5204856156272607,\n",
       "     -0.4249406786359964,\n",
       "     879.1451570429721],\n",
       "    [0.15805791237988256, -0.3238648920185808, 745.397444361277],\n",
       "    [-0.00037096006485781317, 2.7686904632507537e-05, 1.0]],\n",
       "   'rotation': [[-0.5444525917621534, -0.78258773708648, -0.30187382974570015],\n",
       "    [0.6427012829093192, -0.62047622873403, 0.44938214308393554],\n",
       "    [-0.5389864898772407, 0.050652574839368705, 0.8407900334756313]],\n",
       "   'translation': [672.0880414676568, 191.38957067912438, 1526.4645203904201],\n",
       "   'distance_pred': np.float64(253.45872370916703),\n",
       "   'distance_true': 260.0,\n",
       "   'error': np.float64(6.541276290832968),\n",
       "   'error_percent': np.float64(2.5158754964742185),\n",
       "   'condition_number': np.float64(2320585.642129995)},\n",
       "  'T0': {'homography': [[0.1105256690884645,\n",
       "     -0.20965898332455127,\n",
       "     466.1347761795551],\n",
       "    [0.14295576888359732, 0.05817391762253137, 62.1501938353133],\n",
       "    [-0.00010179988442253168, -5.2554473521890425e-05, 1.0]],\n",
       "   'rotation': [[0.5387696154556028,\n",
       "     -0.8420977547489225,\n",
       "     -0.024467793293334303],\n",
       "    [0.770585227675869, 0.4808624387414203, 0.4182938224446818],\n",
       "    [-0.3404786459523573, -0.24421852193164564, 0.9079821612762948]],\n",
       "   'translation': [-78.27466844793365,\n",
       "    -2336.4090992566917,\n",
       "    3667.6218272898423],\n",
       "   'distance_pred': np.float64(415.7711006760669),\n",
       "   'distance_true': 360.0,\n",
       "   'error': np.float64(55.77110067606691),\n",
       "   'error_percent': np.float64(15.491972410018587),\n",
       "   'condition_number': np.float64(906583.1234368524)}},\n",
       " 'S5': {'T1': {'homography': [[0.3062761239076326,\n",
       "     -0.4591366823823056,\n",
       "     704.8941898712831],\n",
       "    [0.25378390980727894, 0.12098803617088627, 461.6774000751352],\n",
       "    [-0.00011875050342771411, -0.0002629762281282786, 1.0]],\n",
       "   'rotation': [[0.7236797192979451,\n",
       "     -0.6641990410846208,\n",
       "     -0.18742277796233214],\n",
       "    [0.6563965215933923, 0.5785578245236308, 0.4841636604729634],\n",
       "    [-0.2131461243300998, -0.47340308142718557, 0.8546685042625025]],\n",
       "   'translation': [439.68873943320716,\n",
       "    -342.42836772543967,\n",
       "    1790.8054526944047],\n",
       "   'distance_pred': np.float64(301.1057401671508),\n",
       "   'distance_true': 260.0,\n",
       "   'error': np.float64(41.10574016715083),\n",
       "   'error_percent': np.float64(15.80990006428878),\n",
       "   'condition_number': np.float64(1410260.5285105875)},\n",
       "  'T0': {'homography': [[-0.15988846977067755,\n",
       "     -0.24025596097123703,\n",
       "     490.0718449303096],\n",
       "    [0.12524402761999553, -0.08688621862421513, 243.62214813856738],\n",
       "    [-0.00015504620992035426, 4.736848750617362e-05, 1.0]],\n",
       "   'rotation': [[-0.3645669763062677, -0.9273399088402458, -0.084448879560778],\n",
       "    [0.7878099328581013, -0.3555152999479038, 0.5029556453536101],\n",
       "    [-0.4964337110602182, 0.11683135270601455, 0.8601767292526942]],\n",
       "   'translation': [17.082749607812374, -1371.337867554747, 3155.8613343716506],\n",
       "   'distance_pred': np.float64(327.6555487701274),\n",
       "   'distance_true': 325.0,\n",
       "   'error': np.float64(2.655548770127382),\n",
       "   'error_percent': np.float64(0.8170919292699635),\n",
       "   'condition_number': np.float64(1085750.522061139)}},\n",
       " 'S6': {'T1': {'homography': [[-0.38870107528742337,\n",
       "     -0.49566341614752446,\n",
       "     727.6649932518034],\n",
       "    [0.28357771165729845, -0.27342231377221493, 661.5046752322703],\n",
       "    [-0.00024012014085849606, 1.58735847902237e-05, 1.0]],\n",
       "   'rotation': [[-0.47453417958861055,\n",
       "     -0.8636430953825416,\n",
       "     -0.17011148168253515],\n",
       "    [0.7906739922679242, -0.5031481359847054, 0.348821718369455],\n",
       "    [-0.3868487435074171, 0.031025103596596642, 0.9216211220417819]],\n",
       "   'translation': [427.6428825446868, 50.13348067845393, 1578.1506661301346],\n",
       "   'distance_pred': np.float64(250.07327301746534),\n",
       "   'distance_true': 290.0,\n",
       "   'error': np.float64(39.92672698253466),\n",
       "   'error_percent': np.float64(13.767836890529193),\n",
       "   'condition_number': np.float64(1659079.3825099508)},\n",
       "  'T0': {'homography': [[-0.34720365804207237,\n",
       "     0.11694338687995101,\n",
       "     875.8854597692045],\n",
       "    [-0.0785953045865873, -0.15463735726030992, 407.762710315043],\n",
       "    [-9.862811094397623e-05, 0.00019090391257063573, 0.9999999999999999]],\n",
       "   'rotation': [[-0.9626470779325256,\n",
       "     -0.008833400161137565,\n",
       "     -0.2706151776777553],\n",
       "    [-0.12997996730252082, -0.8616935497764254, 0.49049916857599124],\n",
       "    [-0.23752012851126, 0.5073521433041318, 0.8283586127014664]],\n",
       "   'translation': [1226.2481032263756, -705.9479648950824, 2808.3270232342184],\n",
       "   'distance_pred': np.float64(296.4804005508617),\n",
       "   'distance_true': 360.0,\n",
       "   'error': np.float64(63.5195994491383),\n",
       "   'error_percent': np.float64(17.644333180316192),\n",
       "   'condition_number': np.float64(3242886.7293981332)}},\n",
       " 'S7': {'T1': {'homography': [[0.422960290833153,\n",
       "     -0.1114439752009485,\n",
       "     390.2613450755855],\n",
       "    [0.07943319133494813, 0.278286616472515, 288.7598198692086],\n",
       "    [5.154062618495113e-05, -0.00015029007544417987, 1.0]],\n",
       "   'rotation': [[0.9856755518233967,\n",
       "     -0.08405501753697633,\n",
       "     -0.1462137495740446],\n",
       "    [0.1277882038832729, 0.9379970541465904, 0.32222926831777005],\n",
       "    [0.11006307957680393, -0.33629790430387313, 0.935302003673088]],\n",
       "   'translation': [-236.97147827702418,\n",
       "    -857.6440934255432,\n",
       "    2232.4664346162504],\n",
       "   'distance_pred': np.float64(391.1777012414624),\n",
       "   'distance_true': 340.0,\n",
       "   'error': np.float64(51.17770124146239),\n",
       "   'error_percent': np.float64(15.05226507101835),\n",
       "   'condition_number': np.float64(612181.951284819)},\n",
       "  'T0': {'homography': [[0.1651939378541463,\n",
       "     -0.2008887670527942,\n",
       "     525.59164795214],\n",
       "    [0.12577108764831402, 0.1338019959032417, 522.5133968129699],\n",
       "    [-6.20586406344567e-05, -6.77465514158277e-05, 1.0]],\n",
       "   'rotation': [[0.744977557576917,\n",
       "     -0.6670829945620144,\n",
       "     -0.0029524689510673414],\n",
       "    [0.6321649828303016, 0.7045550935581595, 0.32244310292579864],\n",
       "    [-0.21301613363756278, -0.24207932275894226, 0.946584242581016]],\n",
       "   'translation': [157.50319602384909, -430.5667117887277, 3491.191445493967],\n",
       "   'distance_pred': np.float64(338.528102894305),\n",
       "   'distance_true': 325.0,\n",
       "   'error': np.float64(13.528102894304993),\n",
       "   'error_percent': np.float64(4.16249319824769),\n",
       "   'condition_number': np.float64(2193579.7294326858)}},\n",
       " 'S8': {'T1': {'homography': [[8.39115679177747,\n",
       "     -2.8749544841445864,\n",
       "     744.1024633286003],\n",
       "    [5.841779500114888, -1.9473015115798973, 479.6603704753399],\n",
       "    [0.012242963558546989, -0.004103719696913761, 1.0]],\n",
       "   'rotation': [[-0.10117855202118776,\n",
       "     -0.9803996151564878,\n",
       "     -0.16905471070604852],\n",
       "    [-0.11609661346588873, 0.18040110775537577, -0.976717470235065],\n",
       "    [0.9880710890177118, -0.07919617996875351, -0.1320737980286361]],\n",
       "   'translation': [34.02523599590112, -20.12564301537084, 117.59204128046632],\n",
       "   'distance_pred': np.float64(29.014852499051845),\n",
       "   'distance_true': 175.0,\n",
       "   'error': np.float64(145.98514750094816),\n",
       "   'error_percent': np.float64(83.42008428625608),\n",
       "   'condition_number': np.float64(30138365.761304278)},\n",
       "  'T0': {'homography': [[-1.7467835116134696,\n",
       "     -0.8286879736497688,\n",
       "     936.3532250859589],\n",
       "    [-0.6326091082258503, -0.3027416951663567, 339.844336424233],\n",
       "    [-0.0018645453041572922, -0.0008870695050415874, 0.9999999999999999]],\n",
       "   'rotation': [[-0.6790487158862719, 0.4223971473857538, -0.600394446454648],\n",
       "    [0.48186522279830335, -0.36053220783917567, -0.798637861717156],\n",
       "    [-0.553803889938259, -0.8316232181649256, 0.04128043723443054]],\n",
       "   'translation': [314.1771299931198, -203.84948155824083, 623.0784998456569],\n",
       "   'distance_pred': np.float64(66.92344412826436),\n",
       "   'distance_true': 160.0,\n",
       "   'error': np.float64(93.07655587173564),\n",
       "   'error_percent': np.float64(58.172847419834774),\n",
       "   'condition_number': np.float64(2643708741.9890795)}}}"
      ]
     },
     "execution_count": 13,
     "metadata": {},
     "output_type": "execute_result"
    }
   ],
   "source": [
    "results"
   ]
  },
  {
   "cell_type": "code",
   "execution_count": 14,
   "id": "7c3647fe",
   "metadata": {},
   "outputs": [
    {
     "data": {
