{
 "cells": [
  {
   "cell_type": "code",
   "execution_count": 1,
   "id": "3303100b",
   "metadata": {},
   "outputs": [],
   "source": [
    "# Set project root\n",
    "import os\n",
    "import sys\n",
    "\n",
    "# Manually set the path to the project root\n",
    "project_root = os.path.abspath(os.path.join(os.getcwd(), '..'))\n",
    "if project_root not in sys.path:\n",
    "    sys.path.append(project_root)"
   ]
  },
  {
   "cell_type": "code",
   "execution_count": 2,
   "id": "021f7e3b",
   "metadata": {},
   "outputs": [],
   "source": [
    "import json\n",
    "\n",
    "import cv2\n",
    "import matplotlib.pyplot as plt\n",
    "import numpy as np\n",
    "\n",
    "from src.geometry import recover_pose_from_homography, recover_pose_from_homography_v2\n",
    "from src.measurement_data import load_measurements_from_yaml"
   ]
  },
  {
   "cell_type": "markdown",
   "id": "bcdbd300",
   "metadata": {},
   "source": [
    "## Function definition"
   ]
  },
  {
   "cell_type": "code",
   "execution_count": 3,
   "id": "a1b242a2",
   "metadata": {},
   "outputs": [],
   "source": [
    "def load_calibration_json(filename):\n",
    "    with open(filename) as f:\n",
    "        data = json.load(f)\n",
    "\n",
    "    camera_matrix = np.array(data['camera_matrix'])\n",
    "    dist_coeff = np.array(data['dist_coeff'])\n",
    "    image_size = tuple(data['image_size'])\n",
    "\n",
    "    return camera_matrix, dist_coeff, image_size"
   ]
  },
  {
   "cell_type": "code",
   "execution_count": 4,
   "id": "1f80cb6f",
   "metadata": {},
   "outputs": [],
   "source": [
    "def load_rgb(path):\n",
    "    \"\"\"\n",
    "    Load image from path and convert to RGB.\n",
    "    \"\"\"\n",
    "    bgr = cv2.imread(path, cv2.IMREAD_COLOR)\n",
    "    if bgr is None:\n",
    "        raise FileNotFoundError(f\"Image not found: {path}\")\n",
    "    rgb = cv2.cvtColor(bgr, cv2.COLOR_BGR2RGB)\n",
    "    return rgb\n",
    "\n",
    "def extract_features(image, method='SIFT'):\n",
    "    \"\"\"\n",
    "    Detect keypoints and compute descriptors.\n",
    "\n",
    "    Args:\n",
    "        image: RGB image as numpy array.\n",
    "        method: Feature detector ('SIFT', 'ORB', etc.).\n",
    "    Returns:\n",
    "        keypoints, descriptors\n",
    "    \"\"\"\n",
    "    gray = cv2.cvtColor(image, cv2.COLOR_RGB2GRAY)\n",
    "    if method == 'SIFT':\n",
    "        detector = cv2.SIFT_create()\n",
    "    elif method == 'ORB':\n",
    "        detector = cv2.ORB_create(nfeatures=2000)\n",
    "    else:\n",
    "        raise ValueError(f\"Unsupported method: {method}\")\n",
    "    keypoints, descriptors = detector.detectAndCompute(gray, None)\n",
    "    return keypoints, descriptors\n",
    "\n",
    "def match_descriptors(desc1, desc2, method='BF', cross_check=True):\n",
    "    \"\"\"\n",
    "    Match feature descriptors between two images.\n",
    "\n",
    "    Args:\n",
    "        desc1: Descriptors from image 1.\n",
    "        desc2: Descriptors from image 2.\n",
    "        method: 'BF' for BruteForce, 'FLANN' for FLANN matcher.\n",
    "        cross_check: (BF only) whether to use crossCheck.\n",
    "    Returns:\n",
    "        List of matches sorted by distance.\n",
    "    \"\"\"\n",
    "    if method == 'BF':\n",
    "        # Choose norm by descriptor type\n",
    "        norm = cv2.NORM_L2 if desc1.dtype == np.float32 else cv2.NORM_HAMMING\n",
    "        matcher = cv2.BFMatcher(norm, crossCheck=cross_check)\n",
    "        matches = matcher.match(desc1, desc2)\n",
    "    elif method == 'FLANN':\n",
    "        # FLANN parameters for SIFT\n",
    "        index_params = dict(algorithm=1, trees=5)\n",
    "        search_params = dict(checks=50)\n",
    "        matcher = cv2.FlannBasedMatcher(index_params, search_params)\n",
    "        raw_matches = matcher.knnMatch(desc1, desc2, k=2)\n",
    "        # Ratio test\n",
    "        matches = [m[0] for m in raw_matches if len(m) == 2 and m[0].distance < 0.75 * m[1].distance]\n",
    "    else:\n",
    "        raise ValueError(f\"Unsupported matcher: {method}\")\n",
    "    matches = sorted(matches, key=lambda x: x.distance)\n",
    "    return matches\n",
    "\n",
    "def compute_homography(kp1, kp2, matches, ransac_thresh=5.0):\n",
    "    \"\"\"\n",
    "    Compute homography using matched keypoints.\n",
    "\n",
    "    Args:\n",
    "        kp1, kp2: Keypoints from image1 and image2.\n",
    "        matches: List of cv2.DMatch objects.\n",
    "        ransac_thresh: RANSAC reprojection threshold.\n",
    "    Returns:\n",
    "        homography matrix H, mask of inliers\n",
    "    \"\"\"\n",
    "    if len(matches) < 4:\n",
    "        raise ValueError(\"Not enough matches to compute homography\")\n",
    "    pts1 = np.float32([kp1[m.queryIdx].pt for m in matches])\n",
    "    pts2 = np.float32([kp2[m.trainIdx].pt for m in matches])\n",
    "    H, mask = cv2.findHomography(pts1, pts2, cv2.RANSAC, ransac_thresh)\n",
    "    return H, mask"
   ]
  },
  {
   "cell_type": "code",
   "execution_count": 5,
   "id": "41bedbf5",
   "metadata": {},
   "outputs": [],
   "source": [
    "def template_match(template_path, scene_path, extract_method='SIFT', match_method='BF'):\n",
    "    tpl = load_rgb(template_path)\n",
    "    img = load_rgb(scene_path)\n",
    "    kp_t, desc_t = extract_features(tpl, method=extract_method)\n",
    "    kp_i, desc_i = extract_features(img, method=extract_method)\n",
    "    matches = match_descriptors(desc_t, desc_i, method=match_method)\n",
    "    H, mask = compute_homography(kp_t, kp_i, matches)\n",
    "    return H, mask, tpl.shape[:2]"
   ]
  },
  {
   "cell_type": "code",
   "execution_count": 6,
   "id": "73f538b5",
   "metadata": {},
   "outputs": [],
   "source": [
    "def compute_distance(R, t_unscaled, width, height, template_real_length, template_pixel_length):\n",
    "    \"\"\"\n",
    "    Compute the distances from the camera center to the center of a planar template.\n",
    "\n",
    "    Parameters:\n",
    "        R (np.ndarray): 3x3 rotation matrix from template to camera\n",
    "        t_unscaled (np.ndarray): 3x1 translation vector (unscaled, from homography decomposition)\n",
    "        width (float): Template width in real-world units (e.g., mm)\n",
    "        height (float): Template height in real-world units (e.g., mm)\n",
    "\n",
    "    Returns:\n",
    "        float: distance from the camera to the template center.\n",
    "    \"\"\"\n",
    "    # Define two points in the template's local coordinate system (known real-world distance between them)\n",
    "    p_world1 = np.array([[0], [0], [0]])          # Top-left corner\n",
    "    p_world2 = np.array([[width], [0], [0]])      # Top-right corner\n",
    "\n",
    "    # Transform both into the camera coordinate system using unscaled t\n",
    "    p_cam1 = R @ p_world1 + t_unscaled\n",
    "    p_cam2 = R @ p_world2 + t_unscaled\n",
    "\n",
    "    # Compute the distance between the transformed points\n",
    "    cam_distance = np.linalg.norm(p_cam2 - p_cam1)\n",
    "\n",
    "    # Compute scale factor to align camera space with real-world distance\n",
    "    real_distance = width\n",
    "    scale = real_distance / cam_distance\n",
    "\n",
    "    # Compute the scale factor based on the template's real-world length and pixel length\n",
    "    scale_factor = template_real_length / template_pixel_length\n",
    "\n",
    "    # Apply scale to the translation vector\n",
    "    t_scaled = t_unscaled * scale\n",
    "\n",
    "    # Template center\n",
    "    center_world = np.array([width / 2, height / 2, 0]).reshape(3, 1)\n",
    "    center_cam = R @ center_world + t_scaled\n",
    "    center_distance = np.linalg.norm(center_cam)\n",
    "\n",
    "    return center_distance * scale_factor"
   ]
  },
  {
   "cell_type": "code",
   "execution_count": 7,
   "id": "eb24590f",
   "metadata": {},
   "outputs": [],
   "source": [
    "def compute_distance_correct(R, t_unscaled, width, height, template_real_length, template_pixel_length):\n",
    "    # Method 1: Scale the translation directly using the template pixel/real ratio\n",
    "    pixel_to_real_scale = template_real_length / template_pixel_length\n",
    "    t_scaled = t_unscaled * pixel_to_real_scale\n",
    "    \n",
    "    # Template center in world coordinates\n",
    "    center_world = np.array([width / 2, height / 2, 0]).reshape(3, 1)\n",
    "    \n",
    "    # Transform to camera coordinates\n",
    "    center_cam = R @ center_world + t_scaled\n",
    "    \n",
    "    # Distance is simply the norm\n",
    "    return np.linalg.norm(center_cam)"
   ]
  },
  {
   "cell_type": "code",
   "execution_count": 8,
   "id": "85b8360d",
   "metadata": {},
   "outputs": [],
   "source": [
    "def compute_distance_correct_v2(R, t_unscaled, width, height, template_real_length, template_pixel_length):\n",
    "    # Use the corner points method to find the correct scale\n",
    "    p_world1 = np.array([[0], [0], [0]])\n",
    "    p_world2 = np.array([[width], [0], [0]])\n",
    "    \n",
    "    # Transform using unscaled translation\n",
    "    p_cam1 = R @ p_world1 + t_unscaled\n",
    "    p_cam2 = R @ p_world2 + t_unscaled\n",
    "    \n",
    "    # The scale should be applied to the ENTIRE camera coordinate system\n",
    "    cam_distance = np.linalg.norm(p_cam2 - p_cam1)\n",
    "    scale = width / cam_distance\n",
    "    \n",
    "    # Template center\n",
    "    center_world = np.array([width / 2, height / 2, 0]).reshape(3, 1)\n",
    "    center_cam_unscaled = R @ center_world + t_unscaled\n",
    "    \n",
    "    # Scale the final distance, not the translation vector\n",
    "    return np.linalg.norm(center_cam_unscaled) * scale"
   ]
  },
  {
   "cell_type": "markdown",
   "id": "4a923ee3",
   "metadata": {},
   "source": [
    "## Analysis"
   ]
  },
  {
   "cell_type": "code",
   "execution_count": 9,
   "id": "5947a296",
   "metadata": {},
   "outputs": [],
   "source": [
    "# Load measurement data\n",
    "data = load_measurements_from_yaml(\"../assets/measurements.yaml\")"
   ]
  },
  {
   "cell_type": "code",
   "execution_count": 10,
   "id": "2a9c8bfe",
   "metadata": {},
   "outputs": [],
   "source": [
    "# Load camera calibration\n",
    "K, dist_coeffs, image_size = load_calibration_json(\"../assets/camera_calibration.json\")"
   ]
  },
  {
   "cell_type": "code",
   "execution_count": 11,
   "id": "63b892cf",
   "metadata": {},
   "outputs": [],
   "source": [
    "scenes = data.get_all_scenes()"
   ]
  },
  {
   "cell_type": "code",
   "execution_count": 12,
   "id": "3e9bfe2e",
   "metadata": {},
   "outputs": [],
   "source": [
    "from src.geometry import recover_pose_from_homography_v3\n",
    "\n",
    "\n",
    "def analyze_scene(scene_id, scenes, K):\n",
    "    \"\"\"\n",
    "    This function analyzes a scene by executing the following steps:\n",
    "\n",
    "    1. Load the scene and the corresponding templates.\n",
    "    2. For each template, perform template matching against the scene image.\n",
    "    3. Compute the homography and recover the camera pose.\n",
    "    4. Compute the distance from the center of each template to the camera.\n",
    "    5. Return the results including the template ID, homography, camera pose, and distance.\n",
    "    \"\"\"\n",
    "    # Load scene and templates\n",
    "    scene = data.get_scene(scene_id)\n",
    "    templates = [data.get_template(t_id) for t_id in scenes[scene_id]]\n",
    "\n",
    "    # Iterate over templates\n",
    "    results = {}\n",
    "    for template in templates:\n",
    "        scene_path = os.path.join(project_root, scene.path)\n",
    "        template_path = os.path.join(project_root, template.path)\n",
    "\n",
    "        # Compute homography\n",
    "        H, mask, t_shape = template_match(template_path, scene_path, extract_method='SIFT', match_method='BF')\n",
    "\n",
    "        # Compute the condition number of the homography\n",
    "        cond_num = np.linalg.cond(H)\n",
    "\n",
    "        # Recover camera pose from homography\n",
    "        # R, t = recover_pose_from_homography(H, K)\n",
    "        R, t = recover_pose_from_homography_v3(H, K)\n",
    "\n",
    "        # Compute the distance from the camera to the template center\n",
    "        distance_pred = compute_distance(\n",
    "            R=R,\n",
    "            t_unscaled=t,\n",
    "            width=template.width,\n",
    "            height=template.height,\n",
    "            template_real_length=template.height,\n",
    "            template_pixel_length=t_shape[0]\n",
    "        )\n",
    "\n",
    "        # True distance and error\n",
    "        distance_true = scene.get_distance('Camera', template.id).distance\n",
    "        error = np.abs(distance_pred - distance_true)\n",
    "        error_percent = (error / distance_true) * 100\n",
    "\n",
    "        results[template.id] = {\n",
    "            'homography': H.tolist(),\n",
    "            'rotation': R.tolist(),\n",
    "            'translation': t.tolist(),\n",
    "            'distance_pred': distance_pred,\n",
    "            'distance_true': distance_true,\n",
    "            'error': error,\n",
    "            'error_percent': error_percent,\n",
    "            'condition_number': cond_num\n",
    "        }\n",
    "    return results"
   ]
  },
  {
   "cell_type": "code",
   "execution_count": 13,
   "id": "e4307ce9",
   "metadata": {},
   "outputs": [],
   "source": [
    "def analyze_scenes(scenes, K):\n",
    "    \"\"\"\n",
    "    Analyze all scenes and return results.\n",
    "    \"\"\"\n",
    "    all_results = {}\n",
    "    for scene_id in scenes:\n",
    "        print(f\"Analyzing scene {scene_id}...\")\n",
    "        results = analyze_scene(scene_id, scenes, K)\n",
    "        all_results[scene_id] = results\n",
    "    return all_results"
   ]
  },
  {
   "cell_type": "code",
   "execution_count": 14,
   "id": "3714840c",
   "metadata": {},
   "outputs": [
    {
     "name": "stdout",
     "output_type": "stream",
     "text": [
      "Analyzing scene S0...\n",
      "Analyzing scene S1...\n",
      "Analyzing scene S2...\n",
      "Analyzing scene S3...\n",
      "Analyzing scene S4...\n",
      "Analyzing scene S5...\n",
      "Analyzing scene S6...\n",
      "Analyzing scene S7...\n",
      "Analyzing scene S8...\n"
     ]
    }
   ],
   "source": [
    "results = analyze_scenes(scenes, K)"
   ]
  },
  {
   "cell_type": "code",
   "execution_count": 15,
   "id": "4c919337",
   "metadata": {},
   "outputs": [
    {
     "data": {
      "text/plain": [
       "{'S0': {'T1': {'homography': [[0.4034760726560053,\n",
       "     -0.010496649023223703,\n",
       "     404.4289962271879],\n",
       "    [0.01219505857117659, 0.3758126119335095, 489.3970964299097],\n",
       "    [2.1758948612865587e-05, -2.952222418837416e-05, 0.9999999999999999]],\n",
       "   'rotation': [[0.9987668786242727,\n",
       "     0.007324116167965884,\n",
       "     -0.049102744174696025],\n",
       "    [-0.004007403495776317, 0.9977242264790769, 0.06730756728593],\n",
       "    [0.04948396589148391, -0.06702779437730341, 0.9965232620970594]],\n",
       "   'translation': [-0.08882159434369633,\n",
       "    -0.1576374440931917,\n",
       "    0.9834941714483207],\n",
       "   'distance_pred': np.float64(26.095238952478237),\n",
       "   'distance_true': 390.0,\n",
       "   'error': np.float64(363.9047610475218),\n",
       "   'error_percent': np.float64(93.30891308910815),\n",
       "   'condition_number': np.float64(1024335.3040937046)}},\n",
       " 'S1': {'T0': {'homography': [[0.17311424495740158,\n",
       "     0.003681193584064367,\n",
       "     386.6823260893821],\n",
       "    [-0.007340912157654001, 0.18420041339795828, 620.4975077824821],\n",
       "    [-1.2387107859506527e-05, 8.920604982593096e-06, 0.9999999999999999]],\n",
       "   'rotation': [[0.9980876732965591,\n",
       "     -3.362997825698891e-05,\n",
       "     0.06181419968329096],\n",
       "    [0.002784592807481686, 0.9990091470312374, -0.04441812907830411],\n",
       "    [-0.06175145711930791, 0.04450531447978999, 0.9970988088081834]],\n",
       "   'translation': [-0.10947543464022447,\n",
       "    -0.013906118974682496,\n",
       "    0.9938921822930176],\n",
       "   'distance_pred': np.float64(8.410079122852148),\n",
       "   'distance_true': 490.0,\n",
       "   'error': np.float64(481.58992087714785),\n",
       "   'error_percent': np.float64(98.28365732186691),\n",
       "   'condition_number': np.float64(2991096.419633962)}},\n",
       " 'S2': {'T0': {'homography': [[0.3273087670247609,\n",
       "     0.21315383114241648,\n",
       "     272.4017170301167],\n",
       "    [-0.21507274940433513, 0.34154137117374206, 631.4597355548412],\n",
       "    [-1.1738170450299427e-05, 1.4069478395665008e-05, 1.0]],\n",
       "   'rotation': [[0.8486438414010555, 0.5289337405133427, 0.005720891418644594],\n",
       "    [-0.5282871893626738, 0.8480545483752167, -0.041426181762188465],\n",
       "    [-0.026763333263002256, 0.03213380037703706, 0.9991251887856608]],\n",
       "   'translation': [-0.2314244518184896,\n",
       "    -0.0017113598141524713,\n",
       "    0.9728511866526219],\n",
       "   'distance_pred': np.float64(8.3964043062176),\n",
       "   'distance_true': 225.0,\n",
       "   'error': np.float64(216.6035956937824),\n",
       "   'error_percent': np.float64(96.26826475279219),\n",
       "   'condition_number': np.float64(1203637.0474974776)}},\n",
       " 'S3': {'T0': {'homography': [[0.28070310499921186,\n",
       "     0.18415173273442742,\n",
       "     103.32956831965575],\n",
       "    [-0.06759416889704076, 0.18014527731891197, 562.7129323567743],\n",
       "    [0.00014998922510265963, -3.496592934017136e-05, 1.0]],\n",
       "   'rotation': [[0.7026210952058392, 0.6623698448462562, -0.2599803554311245],\n",
       "    [-0.5483572599329098, 0.7368686584971844, 0.39538449084837723],\n",
       "    [0.45346213960000964, -0.1352433686466945, 0.8809547770382289]],\n",
       "   'translation': [-0.391569927488976,\n",
       "    -0.07198444386934241,\n",
       "    0.9173282145659026],\n",
       "   'distance_pred': np.float64(8.389880828129247),\n",
       "   'distance_true': 330.0,\n",
       "   'error': np.float64(321.61011917187074),\n",
       "   'error_percent': np.float64(97.45761187026386),\n",
       "   'condition_number': np.float64(1302079.0463746341)},\n",
       "  'T1': {'homography': [[0.2522080965421846,\n",
       "     -0.26584677960731823,\n",
       "     800.8668003155174],\n",
       "    [0.16894142891843525, 0.16979251610256832, 359.8926860706572],\n",
       "    [-0.00010034255376828509, -0.00011178553192512629, 1.0]],\n",
       "   'rotation': [[0.7706250431683892,\n",
       "     -0.6371641500770753,\n",
       "     -0.01260510603986135],\n",
       "    [0.5943688970622623, 0.7114487351603266, 0.37492174042560045],\n",
       "    [-0.2299188053350744, -0.2964161653745113, 0.9269707653739478]],\n",
       "   'translation': [0.3197527299558315,\n",
       "    -0.2762456225189918,\n",
       "    0.9063367342548806],\n",
       "   'distance_pred': np.float64(26.0530528756339),\n",
       "   'distance_true': 380.0,\n",
       "   'error': np.float64(353.9469471243661),\n",
       "   'error_percent': np.float64(93.14393345378055),\n",
       "   'condition_number': np.float64(1953941.4956433622)}},\n",
       " 'S4': {'T0': {'homography': [[0.1105256690884645,\n",
       "     -0.20965898332455127,\n",
       "     466.1347761795551],\n",
       "    [0.14295576888359732, 0.05817391762253137, 62.1501938353133],\n",
       "    [-0.00010179988442253168, -5.2554473521890425e-05, 1.0]],\n",
       "   'rotation': [[0.5772869669474283,\n",
       "     -0.8161746656715057,\n",
       "     -0.02446779329333449],\n",
       "    [0.7474278761183258, 0.5161219314327438, 0.4182938224446819],\n",
       "    [-0.32877245595379134, -0.25976348282647566, 0.907982161276295]],\n",
       "   'translation': [-0.017997084238939684,\n",
       "    -0.5371923281146508,\n",
       "    0.8432676917209181],\n",
       "   'distance_pred': np.float64(8.37748960243213),\n",
       "   'distance_true': 360.0,\n",
       "   'error': np.float64(351.62251039756785),\n",
       "   'error_percent': np.float64(97.67291955487995),\n",
       "   'condition_number': np.float64(906583.123437216)},\n",
       "  'T1': {'homography': [[-0.5204856156272598,\n",
       "     -0.4249406786359966,\n",
       "     879.1451570429721],\n",
       "    [0.15805791237988365, -0.32386489201858104, 745.397444361277],\n",
       "    [-0.000370960064857811, 2.76869046325071e-05, 1.0]],\n",
       "   'rotation': [[-0.5523905076060613,\n",
       "     -0.7770050952351486,\n",
       "     -0.3018738297456995],\n",
       "    [0.636352028060403, -0.6269862724659154, 0.4493821430839335],\n",
       "    [-0.5384429621511735, 0.05613640635019701, 0.8407900334756327]],\n",
       "   'translation': [0.40033418547601435,\n",
       "    0.11400260555018153,\n",
       "    0.9092498195535023],\n",
       "   'distance_pred': np.float64(25.939739938509597),\n",
       "   'distance_true': 260.0,\n",
       "   'error': np.float64(234.0602600614904),\n",
       "   'error_percent': np.float64(90.02317694672708),\n",
       "   'condition_number': np.float64(2320585.6421299125)}},\n",
       " 'S5': {'T0': {'homography': [[-0.15988846977067736,\n",
       "     -0.2402559609712377,\n",
       "     490.07184493030957],\n",
       "    [0.1252440276199956, -0.08688621862421576, 243.62214813856744],\n",
       "    [-0.00015504620992035396, 4.736848750617114e-05, 1.0]],\n",
       "   'rotation': [[-0.3067792560298457,\n",
       "     -0.948026832326334,\n",
       "     -0.08444887956078286],\n",
       "    [0.8082042655179449, -0.306335574175666, 0.5029556453536081],\n",
       "    [-0.5026851432739723, 0.08604441401835478, 0.860176729252695]],\n",
       "   'translation': [0.004964505728780666,\n",
       "    -0.39853155117698763,\n",
       "    0.9171410945788685],\n",
       "   'distance_pred': np.float64(8.362012392516952),\n",
       "   'distance_true': 325.0,\n",
       "   'error': np.float64(316.63798760748307),\n",
       "   'error_percent': np.float64(97.4270731099948),\n",
       "   'condition_number': np.float64(1085750.522061544)},\n",
       "  'T1': {'homography': [[0.3062761239076325,\n",
       "     -0.45913668238230565,\n",
       "     704.8941898712831],\n",
       "    [0.2537839098072788, 0.12098803617088597, 461.6774000751353],\n",
       "    [-0.00011875050342771404, -0.00026297622812827896, 1.0]],\n",
       "   'rotation': [[0.7255299216032922, -0.6621774952074426, -0.1874227779623328],\n",
       "    [0.6547798750369731, 0.580386823699493, 0.4841636604729639],\n",
       "    [-0.2118245691719603, -0.4739958857593711, 0.8546685042625021]],\n",
       "   'translation': [0.23443583503486334,\n",
       "    -0.18257797648132298,\n",
       "    0.9548322120520787],\n",
       "   'distance_pred': np.float64(26.036439266762084),\n",
       "   'distance_true': 260.0,\n",
       "   'error': np.float64(233.96356073323793),\n",
       "   'error_percent': np.float64(89.9859848973992),\n",
       "   'condition_number': np.float64(1410260.52851057)}},\n",
       " 'S6': {'T0': {'homography': [[-0.34720365804207237,\n",
       "     0.11694338687995101,\n",
       "     875.8854597692045],\n",
       "    [-0.0785953045865873, -0.15463735726030992, 407.762710315043],\n",
       "    [-9.862811094397623e-05, 0.00019090391257063573, 0.9999999999999999]],\n",
       "   'rotation': [[-0.9579154290244536,\n",
       "     -0.09573639040267827,\n",
       "     -0.27061517767775534],\n",
       "    [-0.05162708065833487, -0.8699110357783486, 0.49049916857599113],\n",
       "    [-0.28236974940597814, 0.48382779310794743, 0.8283586127014666]],\n",
       "   'translation': [0.3899488630393296,\n",
       "    -0.2244925847807377,\n",
       "    0.8930524963679745],\n",
       "   'distance_pred': np.float64(8.327130856706168),\n",
       "   'distance_true': 360.0,\n",
       "   'error': np.float64(351.67286914329384),\n",
       "   'error_percent': np.float64(97.6869080953594),\n",
       "   'condition_number': np.float64(3242886.7293981872)},\n",
       "  'T1': {'homography': [[-0.3887010752874233,\n",
       "     -0.4956634161475244,\n",
       "     727.6649932518034],\n",
       "    [0.2835777116572984, -0.2734223137722149, 661.5046752322703],\n",
       "    [-0.0002401201408584957, 1.5873584790223806e-05, 1.0]],\n",
       "   'rotation': [[-0.48938408549930257,\n",
       "     -0.8553159069371877,\n",
       "     -0.1701114816825347],\n",
       "    [0.7818633454292837, -0.5167331205447446, 0.34882171836945486],\n",
       "    [-0.38625500117686473, 0.03770386548229168, 0.9216211220417824]],\n",
       "   'translation': [0.2614219086436508,\n",
       "    0.030647043925819333,\n",
       "    0.9647375791970012],\n",
       "   'distance_pred': np.float64(25.959918336252095),\n",
       "   'distance_true': 290.0,\n",
       "   'error': np.float64(264.0400816637479),\n",
       "   'error_percent': np.float64(91.04830402198203),\n",
       "   'condition_number': np.float64(1659079.3825099757)}},\n",
       " 'S7': {'T0': {'homography': [[0.16519394128193343,\n",
       "     -0.20088876555518867,\n",
       "     525.5916478321808],\n",
       "    [0.12577109121762212, 0.1338019989579014, 522.5133964490886],\n",
       "    [-6.205863590825808e-05, -6.77465475804892e-05, 1.0]],\n",
       "   'rotation': [[0.7468785383120919,\n",
       "     -0.6649539321784981,\n",
       "     -0.0029524717011905595],\n",
       "    [0.6301514432360533, 0.706356579052943, 0.32244308306450425],\n",
       "    [-0.21232429817689655, -0.2426863228716803, 0.946584249337961]],\n",
       "   'translation': [0.044730400653520484,\n",
       "    -0.12227956088021873,\n",
       "    0.9914871350011321],\n",
       "   'distance_pred': np.float64(8.397837644133247),\n",
       "   'distance_true': 325.0,\n",
       "   'error': np.float64(316.60216235586677),\n",
       "   'error_percent': np.float64(97.41604995565132),\n",
       "   'condition_number': np.float64(2193579.714387552)},\n",
       "  'T1': {'homography': [[0.42296029090990767,\n",
       "     -0.11144397521099912,\n",
       "     390.2613450752469],\n",
       "    [0.07943319143158621, 0.2782866164652874, 288.75981986474983],\n",
       "    [5.154062636287919e-05, -0.0001502900754690527, 1.0]],\n",
       "   'rotation': [[0.9866642108784753,\n",
       "     -0.07152114584129214,\n",
       "     -0.14621374993174932],\n",
       "    [0.11585675266242547, 0.9395453749055528, 0.32222926831078164],\n",
       "    [0.1143282460027839, -0.33487193700149415, 0.9353020036195764]],\n",
       "   'translation': [-0.09860453177858156,\n",
       "    -0.3568682395052806,\n",
       "    0.9289358748845383],\n",
       "   'distance_pred': np.float64(26.069796557491664),\n",
       "   'distance_true': 340.0,\n",
       "   'error': np.float64(313.93020344250834),\n",
       "   'error_percent': np.float64(92.33241277720833),\n",
       "   'condition_number': np.float64(612181.9512244763)}},\n",
       " 'S8': {'T0': {'homography': [[-1.7467835116134696,\n",
       "     -0.8286879736497688,\n",
       "     936.3532250859589],\n",
       "    [-0.6326091082258503, -0.3027416951663567, 339.844336424233],\n",
       "    [-0.0018645453041572922, -0.0008870695050415874, 0.9999999999999999]],\n",
       "   'rotation': [[-0.43248730814196146,\n",
       "     0.6726672557531885,\n",
       "     -0.6003944464546578],\n",
       "    [0.2808463521508552, -0.532262052297005, -0.7986378617171483],\n",
       "    [-0.8567847190395483, -0.5140193291327243, 0.04128043723443814]],\n",
       "   'translation': [0.4321711686554709,\n",
       "    -0.2804082801213636,\n",
       "    0.8570851845527142],\n",
       "   'distance_pred': np.float64(8.338843711475302),\n",
       "   'distance_true': 160.0,\n",
       "   'error': np.float64(151.6611562885247),\n",
       "   'error_percent': np.float64(94.78822268032793),\n",
       "   'condition_number': np.float64(2643708741.9883738)},\n",
       "  'T1': {'homography': [[8.39115679177747,\n",
       "     -2.8749544841445864,\n",
       "     744.1024633286003],\n",
       "    [5.841779500114888, -1.9473015115798973, 479.6603704753399],\n",
       "    [0.012242963558546989, -0.004103719696913761, 1.0]],\n",
       "   'rotation': [[0.21524491180545643,\n",
       "     -0.9618160597172187,\n",
       "     -0.16905471070604416],\n",
       "    [-0.16735456678319868, 0.13422157916825994, -0.9767174702350658],\n",
       "    [0.9621133389152593, 0.23852554361246425, -0.1320737980286372]],\n",
       "   'translation': [0.2742442614905239,\n",
       "    -0.1622131910102604,\n",
       "    0.9477948227018788],\n",
       "   'distance_pred': np.float64(26.031564758831024),\n",
       "   'distance_true': 175.0,\n",
       "   'error': np.float64(148.96843524116898),\n",
       "   'error_percent': np.float64(85.12482013781084),\n",
       "   'condition_number': np.float64(30138365.761305697)}}}"
      ]
     },
     "execution_count": 15,
     "metadata": {},
     "output_type": "execute_result"
    }
   ],
   "source": [
    "results"
   ]
  },
  {
   "cell_type": "code",
   "execution_count": 16,
   "id": "7c3647fe",
   "metadata": {},
   "outputs": [
    {
     "data": {
